p1,p2,p1_wins_cards,p1_wins_tricks,p2_wins_cards,p2_wins_tricks,draws_cards,draws_tricks
000,001,235162.0,201849.0,254853.0,221206.0,9985.0,76945.0
000,010,138597.0,106090.0,353390.0,332840.0,8013.0,61070.0
000,011,88322.0,56228.0,401582.0,384804.0,10096.0,58968.0
000,100,8.0,580.0,499988.0,497312.0,4.0,2108.0
000,101,126251.0,84068.0,363260.0,347063.0,10489.0,68869.0
000,110,4643.0,4173.0,494065.0,483490.0,1292.0,12337.0
000,111,243112.0,162256.0,242329.0,162713.0,14559.0,175031.0
001,000,254853.0,221206.0,235162.0,201849.0,9985.0,76945.0
001,010,431279.0,400349.0,62153.0,58106.0,6568.0,41545.0
001,011,477849.0,441487.0,17954.0,25839.0,4197.0,32674.0
001,100,982.0,13124.0,498785.0,467440.0,233.0,19436.0
001,101,458494.0,395883.0,34606.0,56848.0,6900.0,47269.0
001,110,238466.0,204633.0,239447.0,205046.0,22087.0,90321.0
001,111,494017.0,483595.0,4687.0,4231.0,1296.0,12174.0
010,000,353390.0,332840.0,138597.0,106090.0,8013.0,61070.0
010,001,62153.0,58106.0,431279.0,400349.0,6568.0,41545.0
010,011,243282.0,216239.0,242432.0,215644.0,14286.0,68117.0
010,100,209770.0,211726.0,279313.0,221169.0,10917.0,67105.0
010,101,244022.0,202956.0,244236.0,203605.0,11742.0,93439.0
010,110,34448.0,57208.0,458554.0,395695.0,6998.0,47097.0
010,111,363366.0,347071.0,125884.0,84210.0,10750.0,68719.0
011,000,401582.0,384804.0,88322.0,56228.0,10096.0,58968.0
011,001,17954.0,25839.0,477849.0,441487.0,4197.0,32674.0
011,010,242432.0,215644.0,243282.0,216239.0,14286.0,68117.0
011,100,242559.0,215169.0,243165.0,216522.0,14276.0,68309.0
011,101,279153.0,221354.0,209952.0,211495.0,10895.0,67151.0
011,110,498822.0,467576.0,946.0,13067.0,232.0,19357.0
011,111,499995.0,497442.0,2.0,539.0,3.0,2019.0
100,000,499988.0,497312.0,8.0,580.0,4.0,2108.0
100,001,498785.0,467440.0,982.0,13124.0,233.0,19436.0
100,010,279313.0,221169.0,209770.0,211726.0,10917.0,67105.0
100,011,243165.0,216522.0,242559.0,215169.0,14276.0,68309.0
100,101,243389.0,216067.0,242495.0,215655.0,14116.0,68278.0
100,110,18116.0,25889.0,477798.0,441406.0,4086.0,32705.0
100,111,401861.0,384780.0,88133.0,56307.0,10006.0,58913.0
101,000,363260.0,347063.0,126251.0,84068.0,10489.0,68869.0
101,001,34606.0,56848.0,458494.0,395883.0,6900.0,47269.0
101,010,244236.0,203605.0,244022.0,202956.0,11742.0,93439.0
101,011,209952.0,211495.0,279153.0,221354.0,10895.0,67151.0
101,100,242495.0,215655.0,243389.0,216067.0,14116.0,68278.0
101,110,62023.0,58187.0,431481.0,400455.0,6496.0,41358.0
101,111,352998.0,332225.0,138847.0,106242.0,8155.0,61533.0
110,000,494065.0,483490.0,4643.0,4173.0,1292.0,12337.0
110,001,239447.0,205046.0,238466.0,204633.0,22087.0,90321.0
110,010,458554.0,395695.0,34448.0,57208.0,6998.0,47097.0
110,011,946.0,13067.0,498822.0,467576.0,232.0,19357.0
110,100,477798.0,441406.0,18116.0,25889.0,4086.0,32705.0
110,101,431481.0,400455.0,62023.0,58187.0,6496.0,41358.0
110,111,253700.0,220427.0,236226.0,202237.0,10074.0,77336.0
111,000,242329.0,162713.0,243112.0,162256.0,14559.0,175031.0
111,001,4687.0,4231.0,494017.0,483595.0,1296.0,12174.0
111,010,125884.0,84210.0,363366.0,347071.0,10750.0,68719.0
111,011,2.0,539.0,499995.0,497442.0,3.0,2019.0
111,100,88133.0,56307.0,401861.0,384780.0,10006.0,58913.0
111,101,138847.0,106242.0,352998.0,332225.0,8155.0,61533.0
111,110,236226.0,202237.0,253700.0,220427.0,10074.0,77336.0
