p1,p2,p1_wins_cards,p1_wins_tricks,p2_wins_cards,p2_wins_tricks,draws_cards,draws_tricks
000,001,7.0,4.0,10.0,11.0,1.0,3.0
000,010,4.0,5.0,14.0,12.0,0.0,1.0
000,011,3.0,0.0,15.0,16.0,0.0,2.0
000,100,0.0,0.0,18.0,18.0,0.0,0.0
000,101,3.0,5.0,14.0,12.0,1.0,1.0
000,110,0.0,0.0,18.0,18.0,0.0,0.0
000,111,9.0,6.0,8.0,5.0,1.0,7.0
001,000,10.0,11.0,7.0,4.0,1.0,3.0
001,010,14.0,9.0,4.0,3.0,0.0,6.0
001,011,18.0,18.0,0.0,0.0,0.0,0.0
001,100,0.0,0.0,18.0,18.0,0.0,0.0
001,101,17.0,17.0,1.0,1.0,0.0,0.0
001,110,11.0,8.0,6.0,7.0,1.0,3.0
001,111,18.0,18.0,0.0,0.0,0.0,0.0
010,000,14.0,12.0,4.0,5.0,0.0,1.0
010,001,4.0,3.0,14.0,9.0,0.0,6.0
010,011,6.0,5.0,11.0,10.0,1.0,3.0
010,100,7.0,6.0,11.0,10.0,0.0,2.0
010,101,7.0,6.0,10.0,8.0,1.0,4.0
010,110,1.0,3.0,17.0,15.0,0.0,0.0
010,111,13.0,13.0,5.0,4.0,0.0,1.0
011,000,15.0,16.0,3.0,0.0,0.0,2.0
011,001,0.0,0.0,18.0,18.0,0.0,0.0
011,010,11.0,10.0,6.0,5.0,1.0,3.0
011,100,7.0,6.0,10.0,10.0,1.0,2.0
011,101,14.0,11.0,4.0,6.0,0.0,1.0
011,110,18.0,15.0,0.0,2.0,0.0,1.0
011,111,18.0,18.0,0.0,0.0,0.0,0.0
100,000,18.0,18.0,0.0,0.0,0.0,0.0
100,001,18.0,18.0,0.0,0.0,0.0,0.0
100,010,11.0,10.0,7.0,6.0,0.0,2.0
100,011,10.0,10.0,7.0,6.0,1.0,2.0
100,101,9.0,8.0,9.0,6.0,0.0,4.0
100,110,1.0,1.0,17.0,14.0,0.0,3.0
100,111,15.0,18.0,3.0,0.0,0.0,0.0
101,000,14.0,12.0,3.0,5.0,1.0,1.0
101,001,1.0,1.0,17.0,17.0,0.0,0.0
101,010,10.0,8.0,7.0,6.0,1.0,4.0
101,011,4.0,6.0,14.0,11.0,0.0,1.0
101,100,9.0,6.0,9.0,8.0,0.0,4.0
101,110,2.0,3.0,15.0,15.0,1.0,0.0
101,111,11.0,12.0,7.0,5.0,0.0,1.0
110,000,18.0,18.0,0.0,0.0,0.0,0.0
110,001,6.0,7.0,11.0,8.0,1.0,3.0
110,010,17.0,15.0,1.0,3.0,0.0,0.0
110,011,0.0,2.0,18.0,15.0,0.0,1.0
110,100,17.0,14.0,1.0,1.0,0.0,3.0
110,101,15.0,15.0,2.0,3.0,1.0,0.0
110,111,9.0,12.0,8.0,3.0,1.0,3.0
111,000,8.0,5.0,9.0,6.0,1.0,7.0
111,001,0.0,0.0,18.0,18.0,0.0,0.0
111,010,5.0,4.0,13.0,13.0,0.0,1.0
111,011,0.0,0.0,18.0,18.0,0.0,0.0
111,100,3.0,0.0,15.0,18.0,0.0,0.0
111,101,7.0,5.0,11.0,12.0,0.0,1.0
111,110,8.0,3.0,9.0,12.0,1.0,3.0
